Input file for metacommunity simulations:
Number of generations (gmax): 200
LANDSCAPE:
X dimension (xmax): 50
Y dimension (ymax): 50
Landscape Matrix (LMtrx):
1 1 10 10 10 10 10 10 10 10 10 10 10 10 10 10 10 10 10 10 10 10 10 1 1 1 1 1 1 1 10 10 10 10 10 10 10 10 10 10 10 10 1 1 10 10 10 10 1 1 
1 1 1 10 10 10 10 10 10 10 10 10 10 10 10 10 10 10 10 10 10 10 10 10 1 1 10 10 1 10 10 10 10 10 10 10 10 10 10 10 10 1 1 1 10 10 10 10 10 1 
1 1 1 1 10 10 10 10 10 10 10 10 10 10 10 1 10 10 10 10 10 10 10 1 1 10 10 10 10 10 10 10 10 10 1 1 10 10 10 10 1 1 1 1 1 10 10 10 10 10 
1 1 1 10 1 1 10 10 10 10 10 10 10 1 1 10 10 10 10 10 10 1 1 10 1 10 10 10 1 10 10 10 10 1 1 10 10 10 10 10 1 1 1 1 10 10 10 10 10 10 
1 1 10 10 10 1 10 10 10 10 1 1 1 1 1 1 10 10 10 10 1 1 10 10 10 10 10 1 10 10 10 10 1 1 1 10 10 10 10 10 10 1 1 10 10 10 10 10 10 10 
1 10 10 10 10 10 10 10 10 10 1 1 1 1 1 1 1 1 1 1 1 1 10 10 10 10 10 1 1 10 10 1 1 1 1 10 10 10 10 10 1 1 1 10 10 10 10 10 1 1 
1 10 10 10 10 1 10 10 10 10 1 1 1 1 1 1 1 1 1 1 1 1 10 10 10 10 10 1 1 1 1 1 10 1 10 10 10 10 1 1 1 1 1 10 10 10 10 10 1 1 
1 10 10 10 1 1 1 10 10 10 1 1 1 1 1 1 1 1 1 1 1 1 10 10 10 10 10 10 1 1 1 10 10 10 10 10 10 1 1 1 1 1 1 10 10 10 10 10 10 1 
10 10 10 10 1 1 1 1 10 1 1 1 1 1 1 1 1 1 1 1 1 1 10 10 10 10 10 10 1 1 1 10 10 10 10 10 10 1 1 1 1 1 10 10 10 10 10 10 1 1 
10 10 10 10 10 1 1 1 1 1 1 1 1 1 1 1 1 1 1 1 1 1 1 10 10 1 10 1 1 1 1 10 10 10 10 10 10 1 1 1 1 1 10 10 10 10 10 10 10 10 
10 10 10 10 10 1 1 1 1 1 1 1 1 1 1 1 1 1 1 1 1 1 1 1 1 1 1 1 1 1 1 1 10 10 10 10 10 10 10 1 1 1 10 10 10 10 10 10 10 10 
10 10 10 10 10 10 1 1 1 1 1 1 1 1 1 1 1 1 1 1 1 1 1 1 1 1 1 1 1 1 10 1 1 1 10 10 10 10 10 10 1 1 10 10 10 10 10 10 10 10 
10 10 10 10 10 10 1 1 1 1 1 1 1 1 1 1 1 1 1 1 1 1 1 1 1 1 1 1 1 10 10 10 1 1 1 10 10 10 10 10 1 1 1 10 10 1 1 10 10 1 
10 10 1 10 10 10 1 1 1 1 1 1 1 1 1 1 1 1 10 1 1 1 1 1 1 1 10 10 10 10 10 10 1 1 10 10 10 10 10 10 1 1 1 1 1 1 1 1 1 1 
1 1 10 10 10 10 10 1 1 1 1 1 1 1 1 1 1 10 10 10 1 1 1 1 1 10 10 10 10 10 10 10 10 1 1 10 10 10 10 1 1 1 1 1 1 1 1 1 1 1 
1 1 1 10 10 10 1 1 1 1 1 1 1 1 1 1 1 10 10 10 1 1 1 1 1 1 10 10 10 10 10 10 1 1 1 1 10 10 10 10 1 1 1 1 1 1 1 1 1 1 
1 1 1 1 1 1 1 1 1 1 1 1 1 1 10 1 1 10 10 10 10 1 1 1 1 1 1 1 1 10 10 1 1 1 1 1 1 10 10 10 1 1 1 1 1 1 1 1 1 1 
1 1 1 1 1 1 1 1 1 1 1 10 10 10 10 10 1 10 10 10 10 10 1 1 1 1 1 10 10 1 1 1 1 1 1 1 1 10 10 10 1 1 1 1 1 1 1 1 1 1 
1 1 1 1 1 1 1 1 1 1 10 10 10 10 10 10 10 1 10 10 10 10 1 1 1 1 10 10 10 10 1 1 1 1 1 1 1 1 10 1 1 1 1 1 1 1 1 1 1 1 
1 1 1 1 1 1 1 1 1 1 1 10 10 10 10 10 10 10 1 1 10 1 1 1 1 10 10 10 10 10 1 1 1 1 1 1 1 1 1 1 1 1 1 1 1 1 1 1 1 1 
1 1 1 1 1 1 1 1 1 1 10 10 10 10 10 10 10 1 1 1 1 10 10 10 10 10 10 10 10 10 10 1 1 1 1 1 1 1 1 1 1 1 1 1 1 10 10 10 1 1 
1 1 1 1 1 1 1 1 1 1 1 10 10 10 10 10 10 1 1 1 10 10 10 10 10 10 10 10 10 10 1 1 1 1 1 1 1 1 1 1 1 1 1 10 10 10 10 10 10 10 
1 10 1 1 1 10 1 1 1 1 10 10 10 10 10 10 10 1 1 1 10 10 10 10 10 10 10 10 10 1 1 1 1 1 1 1 1 1 1 1 1 1 10 10 10 10 10 10 10 10 
10 10 10 10 10 10 10 10 10 10 10 10 10 10 10 10 10 1 1 1 10 10 10 10 10 10 10 10 10 10 1 1 1 1 1 1 1 1 1 1 1 1 1 10 10 10 10 10 10 10 
10 10 10 10 10 10 10 10 10 10 10 10 10 10 10 10 1 1 1 10 10 10 10 10 10 10 10 10 10 10 10 1 1 1 1 1 1 1 1 1 1 1 1 10 10 10 10 10 10 10 
1 10 10 10 10 10 10 10 10 10 10 10 10 10 10 1 1 1 10 10 10 10 10 10 10 10 10 10 10 10 10 10 1 1 1 1 1 1 1 1 1 10 1 10 10 10 10 10 10 1 
1 10 10 10 10 10 10 1 1 1 10 10 10 10 10 10 1 1 1 10 10 10 10 10 10 10 10 10 10 10 10 10 10 10 1 1 1 10 1 10 10 10 10 1 10 10 10 10 10 1 
1 10 10 1 10 10 10 1 1 1 1 10 10 10 10 10 1 1 1 10 10 10 10 10 10 10 10 10 10 10 10 10 10 10 10 10 10 10 10 10 10 10 10 10 10 10 10 10 1 1 
10 10 10 10 10 10 1 1 1 1 1 1 10 10 10 10 1 1 1 1 10 10 10 10 10 10 10 10 10 10 10 10 10 10 10 10 10 10 10 10 10 10 10 10 10 10 10 1 1 1 
1 10 10 10 10 10 1 1 1 1 1 10 10 10 10 10 1 1 1 1 1 1 1 1 10 10 1 10 10 10 10 10 10 10 10 10 10 10 10 10 10 10 10 10 10 10 10 10 1 1 
10 10 10 10 10 10 10 1 1 1 1 1 10 10 10 1 1 1 1 1 1 1 1 1 1 1 1 1 10 10 10 10 10 1 10 10 10 10 10 10 1 10 10 10 10 10 10 10 1 10 
10 10 10 10 10 10 1 1 1 1 1 1 1 1 1 1 1 1 1 1 1 1 1 1 1 1 1 1 1 10 10 10 10 1 1 1 10 10 10 10 10 10 10 10 10 10 10 10 10 10 
10 10 10 10 10 1 1 1 1 1 1 1 1 1 1 1 1 1 1 1 1 1 1 1 1 1 1 1 1 10 10 10 1 1 1 1 1 10 10 10 10 10 10 10 10 10 10 10 10 10 
1 10 10 10 10 1 1 1 1 1 1 1 1 1 1 1 1 1 1 1 1 1 1 1 1 1 1 1 1 10 10 10 1 1 1 1 1 1 1 1 10 10 10 10 10 10 10 1 1 10 
10 10 10 10 10 1 1 1 1 1 1 1 1 1 1 1 1 1 1 1 1 1 1 1 1 1 1 1 1 1 10 1 1 1 1 1 1 1 1 1 10 10 10 10 10 10 10 10 10 10 
10 10 10 10 1 1 1 1 1 1 1 1 1 1 1 1 1 1 1 1 10 1 1 1 1 1 1 1 1 1 1 1 1 1 1 1 1 1 1 1 1 10 1 10 10 10 10 10 10 10 
10 10 10 10 10 1 1 1 1 1 1 1 1 1 1 1 1 1 1 10 10 10 1 1 1 1 1 1 1 1 1 1 1 1 1 1 1 1 1 1 1 1 1 1 1 1 1 10 10 10 
10 10 10 10 10 10 1 1 1 1 1 1 1 1 1 1 1 1 10 10 10 10 1 1 1 1 10 10 10 1 1 1 1 1 1 1 1 1 1 1 1 1 10 1 1 1 1 10 10 10 
10 10 10 10 10 1 1 1 1 1 1 1 1 1 1 1 1 10 10 10 10 10 10 1 1 10 10 10 10 10 1 1 1 1 1 1 1 1 1 1 1 10 10 10 1 1 10 10 10 10 
10 10 10 10 1 1 1 1 1 1 1 1 1 1 1 1 1 1 10 10 10 10 10 10 10 10 10 10 10 1 1 1 1 1 1 1 1 1 1 1 10 10 10 10 10 10 10 10 10 10 
10 10 10 10 1 1 1 1 1 1 1 1 1 1 1 1 1 1 1 1 10 10 10 10 10 10 10 10 10 1 1 1 1 1 1 1 1 1 1 1 10 10 10 10 1 1 10 10 1 10 
10 10 10 1 1 1 1 1 1 1 1 1 1 1 1 1 1 1 1 10 10 10 10 1 10 10 10 10 10 10 1 1 1 1 1 1 1 1 1 10 10 10 10 10 10 1 1 1 1 1 
1 1 1 1 1 1 1 1 1 1 1 1 10 10 10 10 1 1 1 1 10 10 10 1 1 10 10 10 10 10 1 1 1 1 1 1 1 1 1 1 10 10 10 10 10 10 1 1 1 1 
1 1 1 1 10 1 10 1 1 1 1 10 10 10 10 10 10 10 10 1 1 10 1 1 1 1 10 10 10 1 1 1 1 1 1 1 1 1 1 1 1 1 10 10 10 10 1 1 1 1 
1 1 1 10 10 10 10 10 10 1 1 1 10 10 10 10 10 10 10 10 1 1 1 1 1 1 10 10 10 1 1 1 1 1 1 1 1 1 1 1 1 1 1 1 10 1 1 1 1 1 
1 1 10 10 10 10 10 10 10 10 10 10 10 10 10 10 10 10 10 10 10 10 1 1 1 1 10 10 10 1 1 1 1 1 1 1 1 1 1 1 1 1 1 1 1 1 1 1 1 1 
1 10 10 10 10 10 10 10 10 10 10 10 10 10 10 10 10 10 10 10 10 10 10 10 1 1 1 10 1 1 1 1 1 1 1 1 1 1 1 1 1 1 1 1 1 1 1 1 1 1 
1 10 10 10 10 10 10 10 10 10 10 10 10 10 1 10 1 10 10 10 10 10 10 10 10 1 1 1 1 1 1 1 1 1 1 1 1 1 1 1 1 1 1 1 1 1 1 1 1 1 
1 10 10 10 10 10 10 10 10 10 10 10 10 10 1 10 10 10 10 10 10 10 10 10 10 1 1 1 1 1 1 1 1 1 1 1 1 1 1 1 1 1 1 1 1 1 1 1 1 1 
1 10 10 10 10 1 10 10 10 10 10 10 10 10 10 10 10 10 10 10 10 10 10 10 1 1 1 1 1 1 1 1 1 1 1 1 1 1 1 1 1 1 1 1 1 1 1 1 1 1 

 INITIAL CONDITIONS:
Number of plant species (nb): 5
Number of herbivore species (nh): 3
Number of predator species (np): 2
Initial biomass (bTot0): 2000
Initial herbivore density (hTot0): 200
Initial herbivore locations/type (hInitMtrx):
2 12 46 9 28 27 17 25 44 19 5 21 7 29 37 11 7 21 43 3 30 48 7 22 43 33 46 34 42 3 36 18 47 15 44 21 39 27 36 46 48 41 43 35 9 19 37 25 37 0 48 35 25 13 41 40 7 42 39 26 25 46 8 27 29 49 7 38 26 36 44 42 26 44 24 21 38 0 17 30 0 21 20 10 11 19 31 35 15 41 38 31 44 39 21 16 6 27 26 23 37 47 20 45 29 28 34 18 26 13 6 7 5 33 30 18 24 11 45 9 35 26 13 2 29 15 11 8 16 39 4 26 33 5 6 10 38 48 20 39 42 24 11 15 16 5 4 36 27 20 32 32 12 1 4 8 29 0 26 25 30 3 24 7 27 7 18 10 19 7 5 43 19 31 26 29 30 29 48 0 1 20 41 23 28 17 26 35 29 43 30 28 28 20 13 20 21 16 43 38 
33 25 4 46 22 8 19 29 4 14 0 21 3 32 30 2 45 45 4 7 13 10 0 15 11 27 44 8 30 8 3 1 17 12 3 16 30 48 30 8 22 35 40 10 38 41 17 28 31 37 31 35 22 0 31 44 2 32 4 5 19 34 0 40 5 10 6 12 27 2 12 37 45 10 8 45 10 9 16 11 32 43 17 0 38 38 1 5 29 39 16 9 12 14 21 48 0 38 22 5 0 20 49 44 2 19 13 47 13 42 46 48 27 8 24 2 26 49 7 46 5 8 29 36 1 26 27 2 18 30 25 41 3 1 14 3 16 23 13 16 32 40 29 49 2 47 38 44 3 39 7 27 18 5 24 3 3 13 44 20 15 3 43 31 38 3 25 10 49 24 0 5 3 27 27 41 0 27 2 34 22 36 26 26 37 43 15 8 42 34 11 15 39 19 43 21 38 4 10 3 
1 0 1 0 0 2 1 0 0 2 2 0 0 0 2 0 2 2 0 2 1 1 0 1 1 1 1 2 2 2 0 1 0 1 0 1 2 0 1 1 0 0 1 2 2 0 1 0 0 0 1 2 0 1 1 0 0 0 0 2 0 2 2 2 0 0 2 0 0 0 0 2 1 1 2 0 1 0 1 2 2 0 0 0 1 1 2 1 2 1 0 0 1 1 1 2 2 0 2 2 1 1 1 0 2 0 1 0 1 1 2 1 1 0 0 0 2 1 0 1 1 0 1 0 1 0 0 1 1 1 1 0 2 1 2 1 2 0 2 1 1 1 1 0 0 1 1 2 2 2 2 1 0 1 0 2 1 2 0 2 0 1 0 1 1 2 2 2 0 0 1 2 0 2 2 0 1 1 2 0 1 0 1 1 0 0 0 2 0 0 0 0 0 1 0 2 2 1 1 2 
Initial predator density (pTot0): 100
Initial predator locations (pInitMtrx):
24 21 23 33 44 28 19 44 26 13 23 23 43 38 0 7 14 4 36 16 43 21 5 1 12 5 21 48 29 47 45 29 36 3 35 24 19 46 26 34 38 2 21 1 16 8 48 5 38 7 37 13 12 31 40 24 3 26 15 41 42 15 14 46 18 22 29 5 4 19 4 42 29 10 5 33 8 5 25 15 29 31 12 43 35 25 24 28 47 32 21 1 43 31 13 42 3 14 19 40 
23 48 49 0 44 28 27 7 9 0 7 20 33 29 13 46 25 48 38 46 5 4 1 9 2 24 21 2 41 8 27 3 5 1 7 5 13 20 3 23 1 12 47 23 21 24 38 9 32 37 12 0 42 9 4 26 31 1 44 38 34 49 22 31 25 40 29 4 25 37 45 40 21 1 30 28 11 2 23 23 12 10 28 31 4 38 4 15 6 8 47 48 32 38 24 42 4 18 2 1 
1 1 0 1 1 1 1 0 0 0 0 0 1 0 1 0 1 0 0 1 1 0 0 1 1 0 0 0 1 0 1 0 1 1 1 1 0 0 0 1 1 0 1 0 0 1 1 0 1 0 1 0 1 0 0 1 0 1 1 0 1 1 0 0 0 1 1 0 1 0 0 0 1 1 1 0 1 1 0 0 0 0 0 1 1 0 1 1 0 0 0 0 0 0 0 1 1 1 0 1 
Initial energy (energy0): 8

 PARAMETERS: 
alpha Matrix (alphaMtrx):
1 1. 1. 1. 1. 
1. 1 1. 1. 1. 
1. 1. 1 1. 1. 
1. 1. 1. 1 1. 
1. 1. 1. 1. 1 
beta Matrix (betaMtrx):
0.022225 0.0468685 0.0403751 
0.0437905 0.0111703 0.0494395 
0.00163954 0.0398631 0.0311756 
0.0482794 0.0320467 0.04496 
0.0425885 0.0495723 0.0104448 
gamma Matrix (gammaMtrx):
0.0699664 0.0446495 
0.0670662 0.0644398 
0.0125363 0.0471804 
Biomass growth rate (r): 0.5
Carrying capacity biomass (K): 1
Environmental optima (theta): 10
Environmental sensitivity (sigma): 3
Conversion rate herbivore (ch): 60
Conversion rate predator (cp): 60
offspring cost herbivore (rhoh): 8
offspring cost predator (rhop): 8
reproductive investment herbivore (xih): 0.5
reproductive investment predator (xip): 0.5
movement probability (m): 0.5
movement radius (rad): 5
Max error rate herbivores (epsilonhMax): 0.1
Max error rate preditors (epsilonpMax): 0.1
perception decay herbivores (dh): 0.005
preception decay predators (dp): 0.001
xi Weights (psiWVec): 0.2 0.6 0.2
